all4_GL...1. all4_GL...2.
1 1979.042 -0.3069
2 1979.125 -0.4737
3 1979.208 -0.2614
4 1979.292 -0.3149
5 1979.375 -0.3469
6 1979.458 -0.2714
7 1979.542 -0.3222
8 1979.625 -0.2472
9 1979.708 -0.1909
10 1979.792 -0.1759
11 1979.875 -0.1484
12 1979.958  0.0513
13 1980.042 -0.1409
14 1980.125 -0.0529
15 1980.208 -0.1729
16 1980.292 -0.1229
17 1980.375 -0.1144
18 1980.458 -0.2329
19 1980.542 -0.1837
20 1980.625 -0.2269
21 1980.708 -0.2319
22 1980.792 -0.2689
23 1980.875 -0.1367
24 1980.958 -0.2264
25 1981.042  0.0606
26 1981.125 -0.0757
27 1981.208 -0.0289
28 1981.292 -0.1494
29 1981.375 -0.1997
30 1981.458 -0.1319
31 1981.542 -0.1412
32 1981.625 -0.1279
33 1981.708 -0.2299
34 1981.792 -0.2944
35 1981.875 -0.2109
36 1981.958 -0.0094
37 1982.042 -0.3424
38 1982.125 -0.2907
39 1982.208 -0.4329
40 1982.292 -0.3012
41 1982.375 -0.2604
42 1982.458 -0.3527
43 1982.542 -0.2987
44 1982.625 -0.3444
45 1982.708 -0.2569
46 1982.792 -0.2812
47 1982.875 -0.2934
48 1982.958 -0.0242
49 1983.042  0.0791
50 1983.125 -0.0152
51 1983.208 -0.0587
52 1983.292 -0.1567
53 1983.375 -0.1159
54 1983.458 -0.1832
55 1983.542 -0.2002
56 1983.625 -0.0927
57 1983.708 -0.0667
58 1983.792 -0.2414
59 1983.875 -0.0684
60 1983.958 -0.2109
61 1984.042 -0.1709
62 1984.125 -0.3009
63 1984.208 -0.1972
64 1984.292 -0.3317
65 1984.375 -0.1359
66 1984.458 -0.3402
67 1984.542 -0.3177
68 1984.625 -0.2542
69 1984.708 -0.2332
70 1984.792 -0.3202
71 1984.875 -0.3944
72 1984.958 -0.5112
73 1985.042 -0.2419
74 1985.125 -0.4467
75 1985.208 -0.2902
76 1985.292 -0.3309
77 1985.375 -0.2817
78 1985.458 -0.2934
79 1985.542 -0.3869
80 1985.625 -0.2714
81 1985.708 -0.3007
82 1985.792 -0.3032
83 1985.875 -0.3454
84 1985.958 -0.2667
85 1986.042 -0.1712
86 1986.125 -0.1279
87 1986.208 -0.1937
88 1986.292 -0.2017
89 1986.375 -0.2137
90 1986.458 -0.2719
91 1986.542 -0.3017
92 1986.625 -0.2844
93 1986.708 -0.3244
94 1986.792 -0.2587
95 1986.875 -0.3079
96 1986.958 -0.2689
97 1987.042 -0.1447
98 1987.125 -0.0069
99 1987.208 -0.2597
100 1987.292 -0.1947
101 1987.375 -0.1572
102 1987.458 -0.1199
103 1987.542 -0.0072
104 1987.625 -0.1107
105 1987.708 -0.0467
106 1987.792 -0.1119
107 1987.875 -0.1387
108 1987.958  0.0428
109 1988.042  0.0991
110 1988.125 -0.0499
111 1988.208  0.0131
112 1988.292 -0.0282
113 1988.375 -0.0384
114 1988.458 -0.0342
115 1988.542 -0.1074
116 1988.625 -0.0774
117 1988.708 -0.0779
118 1988.792 -0.1072
119 1988.875 -0.2787
120 1988.958 -0.1259
121 1989.042 -0.3119
122 1989.125 -0.1299
123 1989.208 -0.1362
124 1989.292 -0.1744
125 1989.375 -0.2357
126 1989.458 -0.2344
127 1989.542 -0.1122
128 1989.625 -0.1067
129 1989.708 -0.0979
130 1989.792 -0.1227
131 1989.875 -0.2349
132 1989.958 -0.0592
133 1990.042 -0.0697
134 1990.125 -0.0454
135 1990.208  0.2758
136 1990.292  0.0931
137 1990.375  0.0088
138 1990.458 -0.0324
139 1990.542 -0.0249
140 1990.625 -0.0964
141 1990.708 -0.1369
142 1990.792  0.0136
143 1990.875  0.0163
144 1990.958 -0.0317
145 1991.042 -0.0254
146 1991.125  0.0178
147 1991.208 -0.0939
148 1991.292  0.0811
149 1991.375 -0.0214
150 1991.458  0.0571
151 1991.542  0.0488
152 1991.625 -0.0227
153 1991.708 -0.0087
154 1991.792 -0.1174
155 1991.875 -0.1207
156 1991.958 -0.1319
157 1992.042  0.0281
158 1992.125 -0.0199
159 1992.208 -0.0172
160 1992.292 -0.1732
161 1992.375 -0.1139
162 1992.458 -0.1654
163 1992.542 -0.3144
164 1992.625 -0.3104
165 1992.708 -0.3964
166 1992.792 -0.3444
167 1992.875 -0.3807
168 1992.958 -0.2079
169 1993.042 -0.0437
170 1993.125 -0.0612
171 1993.208 -0.0657
172 1993.292 -0.1607
173 1993.375 -0.1277
174 1993.458 -0.1474
175 1993.542 -0.1767
176 1993.625 -0.2482
177 1993.708 -0.2624
178 1993.792 -0.1919
179 1993.875 -0.3377
180 1993.958 -0.2037
181 1994.042 -0.1542
182 1994.125 -0.3744
183 1994.208 -0.1207
184 1994.292 -0.0694
185 1994.375 -0.0757
186 1994.458 -0.0109
187 1994.542 -0.1192
188 1994.625 -0.1572
189 1994.708 -0.0997
190 1994.792  0.0061
191 1994.875  0.0198
192 1994.958 -0.0667
193 1995.042  0.0833
194 1995.125  0.2848
195 1995.208  0.0073
196 1995.292  0.0121
197 1995.375 -0.1097
198 1995.458  0.0153
199 1995.542  0.0481
200 1995.625  0.0528
201 1995.708 -0.0629
202 1995.792  0.0363
203 1995.875  0.0251
204 1995.958 -0.1429
205 1996.042 -0.1767
206 1996.125  0.0338
207 1996.208 -0.1024
208 1996.292 -0.1294
209 1996.375 -0.0994
210 1996.458 -0.1422
211 1996.542 -0.0574
212 1996.625 -0.0289
213 1996.708 -0.1539
214 1996.792 -0.1957
215 1996.875 -0.0899
216 1996.958 -0.0389
217 1997.042 -0.0992
218 1997.125 -0.0344
219 1997.208  0.0528
220 1997.292 -0.0174
221 1997.375 -0.0304
222 1997.458  0.1296
223 1997.542  0.0116
224 1997.625  0.0741
225 1997.708  0.1353
226 1997.792  0.2176
227 1997.875  0.2013
228 1997.958  0.1848
229 1998.042  0.1591
230 1998.125  0.4211
231 1998.208  0.2158
232 1998.292  0.2858
233 1998.375  0.2703
234 1998.458  0.3048
235 1998.542  0.3208
236 1998.625  0.2753
237 1998.708  0.0611
238 1998.792  0.0593
239 1998.875  0.0278
240 1998.958  0.1561
241 1999.042  0.0418
242 1999.125  0.2271
243 1999.208 -0.0874
244 1999.292 -0.0279
245 1999.375 -0.0724
246 1999.458 -0.0207
247 1999.542 -0.0339
248 1999.625 -0.0807
249 1999.708 -0.0217
250 1999.792 -0.0464
251 1999.875 -0.0537
252 1999.958  0.0561
253 2000.042 -0.1324
254 2000.125  0.1228
255 2000.208  0.1038
256 2000.292  0.1641
257 2000.375 -0.0269
258 2000.458 -0.0097
259 2000.542 -0.0219
260 2000.625  0.0313
261 2000.708  0.0096
262 2000.792 -0.1242
263 2000.875 -0.1222
264 2000.958 -0.1197
265 2001.042  0.0243
266 2001.125  0.0003
267 2001.208  0.1701
268 2001.292  0.1191
269 2001.375  0.1416
270 2001.458  0.1106
271 2001.542  0.1588
272 2001.625  0.1473
273 2001.708  0.1221
274 2001.792  0.0968
275 2001.875  0.3046
276 2001.958  0.1286
277 2002.042  0.3101
278 2002.125  0.3268
279 2002.208  0.4148
280 2002.292  0.1538
281 2002.375  0.1688
282 2002.458  0.1531
283 2002.542  0.2088
284 2002.625  0.1311
285 2002.708  0.1556
286 2002.792  0.1151
287 2002.875  0.1561
288 2002.958  0.0276
289 2003.042  0.2928
290 2003.125  0.1293
291 2003.208  0.1441
292 2003.292  0.1308
293 2003.375  0.1773
294 2003.458  0.1046
295 2003.542  0.1381
296 2003.625  0.2423
297 2003.708  0.2398
298 2003.792  0.3111
299 2003.875  0.1411
300 2003.958  0.3073
301 2004.042  0.1781
302 2004.125  0.2848
303 2004.208  0.2151
304 2004.292  0.1773
305 2004.375  0.0051
306 2004.458  0.0126
307 2004.542 -0.0367
308 2004.625  0.0776
309 2004.708  0.1101
310 2004.792  0.1893
311 2004.875  0.3023
312 2004.958  0.0691
313 2005.042  0.2528
314 2005.125  0.1163
315 2005.208  0.2778
316 2005.292  0.2906
317 2005.375  0.2223
318 2005.458  0.2393
319 2005.542  0.2218
320 2005.625  0.2186
321 2005.708  0.2996
322 2005.792  0.3213
323 2005.875  0.3093
324 2005.958  0.2191
325 2006.042  0.0986
326 2006.125  0.2518
327 2006.208  0.1711
328 2006.292  0.0983
329 2006.375  0.0983
330 2006.458  0.2121
331 2006.542  0.1421
332 2006.625  0.2488
333 2006.708  0.1983
334 2006.792  0.2598
335 2006.875  0.2596
336 2006.958  0.3556
337 2007.042  0.5061
338 2007.125  0.2621
339 2007.208  0.2313
340 2007.292  0.3138
341 2007.375  0.1998
342 2007.458  0.1461
343 2007.542  0.1681
344 2007.625  0.1631
345 2007.708  0.1623
346 2007.792  0.1693
347 2007.875  0.1318
348 2007.958  0.0591
349 2008.042 -0.1674
350 2008.125 -0.0784
351 2008.208  0.2781
352 2008.292  0.0651
353 2008.375  0.0658
354 2008.458  0.0566
355 2008.542  0.1701
356 2008.625  0.0861
357 2008.708  0.1546
358 2008.792  0.2328
359 2008.875  0.2431
360 2008.958  0.1183
361 2009.042  0.1871
362 2009.125  0.1061
363 2009.208  0.0956
364 2009.292  0.1883
365 2009.375  0.1836
366 2009.458  0.2573
367 2009.542  0.2738
368 2009.625  0.2603
369 2009.708  0.2866
370 2009.792  0.2278
371 2009.875  0.2898
372 2009.958  0.2313
373 2010.042  0.2938
374 2010.125  0.3348
375 2010.208  0.4378
376 2010.292  0.4213
377 2010.375  0.3223
378 2010.458  0.2663
379 2010.542  0.2563
380 2010.625  0.2253
381 2010.708  0.1721
382 2010.792  0.2388
383 2010.875  0.3436
384 2010.958  0.0676
385 2011.042  0.0576
386 2011.125  0.0476
387 2011.208  0.1633
388 2011.292  0.2033
389 2011.375  0.0998
390 2011.458  0.1926
391 2011.542  0.2483
392 2011.625  0.2463
393 2011.708  0.1566
394 2011.792  0.1931
395 2011.875  0.1013
396 2011.958  0.1213
397 2012.042  0.0046
398 2012.125  0.0213
399 2012.208  0.0791
400 2012.292  0.2683
401 2012.375  0.2973
402 2012.458  0.2473
403 2012.542  0.1768
404 2012.625  0.2248
405 2012.708  0.2746
406 2012.792  0.3081
407 2012.875  0.3078
408 2012.958  0.0516
409 2013.042  0.1963
410 2013.125  0.1483
411 2013.208  0.1736
412 2013.292  0.1336
413 2013.375  0.2066
414 2013.458  0.2368
415 2013.542  0.2051
416 2013.625  0.2421
417 2013.708  0.3106
418 2013.792  0.2463
419 2013.875  0.3848
420 2013.958  0.2483
421 2014.042  0.2713
422 2014.125  0.0558
423 2014.208  0.3078
424 2014.292  0.3586
425 2014.375  0.3713
426 2014.458  0.2906
427 2014.542  0.2146
428 2014.625  0.3738
429 2014.708  0.3826
430 2014.792  0.3668
431 2014.875  0.2393
432 2014.958  0.3661
433 2015.042  0.3811
434 2015.125  0.4071
435 2015.208  0.4348
436 2015.292  0.3426
437 2015.375  0.3788
438 2015.458  0.4113
439 2015.542  0.3523
440 2015.625  0.4076
441 2015.708  0.4578
442 2015.792  0.5996
443 2015.875  0.5756
444 2015.958  0.6988
445 2016.042  0.6751
446 2016.125  0.8248
447 2016.208  0.8196
448 2016.292  0.6448
449 2016.375  0.4581
450 2016.458  0.4193
451 2016.542  0.4228
452 2016.625  0.5308
453 2016.708  0.4483
454 2016.792  0.3916
455 2016.875  0.3863
456 2016.958  0.3848
457 2017.042  0.4926
458 2017.125  0.5913
459 2017.208  0.6268
460 2017.292  0.4648
461 2017.375  0.4103
462 2017.458  0.3058
463 2017.542  0.3731
464 2017.625  0.4061
465 2017.708  0.2941
466 2017.792  0.3458
467 2017.875  0.3528
468 2017.958  0.3833
