all4_GL...1. all4_GL...7.
1 1979.042 -0.3406
2 1979.125 -0.5326
3 1979.208 -0.3553
4 1979.292 -0.4102
5 1979.375 -0.4227
6 1979.458 -0.2959
7 1979.542 -0.3883
8 1979.625 -0.3285
9 1979.708 -0.2851
10 1979.792 -0.2588
11 1979.875 -0.2766
12 1979.958 -0.0913
13 1980.042 -0.2752
14 1980.125 -0.1890
15 1980.208 -0.3230
16 1980.292 -0.2430
17 1980.375 -0.2148
18 1980.458 -0.3610
19 1980.542 -0.3415
20 1980.625 -0.3766
21 1980.708 -0.3701
22 1980.792 -0.3931
23 1980.875 -0.2360
24 1980.958 -0.3267
25 1981.042 -0.0247
26 1981.125 -0.1762
27 1981.208 -0.0840
28 1981.292 -0.1854
29 1981.375 -0.2473
30 1981.458 -0.2402
31 1981.542 -0.2564
32 1981.625 -0.1806
33 1981.708 -0.2935
34 1981.792 -0.3707
35 1981.875 -0.2844
36 1981.958 -0.0939
37 1982.042 -0.4077
38 1982.125 -0.3466
39 1982.208 -0.4659
40 1982.292 -0.3511
41 1982.375 -0.3179
42 1982.458 -0.4120
43 1982.542 -0.3303
44 1982.625 -0.4278
45 1982.708 -0.3733
46 1982.792 -0.4250
47 1982.875 -0.4173
48 1982.958 -0.1187
49 1983.042 -0.0018
50 1983.125 -0.1305
51 1983.208 -0.1456
52 1983.292 -0.2379
53 1983.375 -0.2096
54 1983.458 -0.2768
55 1983.542 -0.2890
56 1983.625 -0.1627
57 1983.708 -0.1012
58 1983.792 -0.2428
59 1983.875 -0.0200
60 1983.958 -0.1212
61 1984.042 -0.0461
62 1984.125 -0.1739
63 1984.208 -0.0859
64 1984.292 -0.2298
65 1984.375 -0.0298
66 1984.458 -0.2861
67 1984.542 -0.2934
68 1984.625 -0.2092
69 1984.708 -0.1753
70 1984.792 -0.2583
71 1984.875 -0.3271
72 1984.958 -0.4487
73 1985.042 -0.1976
74 1985.125 -0.3748
75 1985.208 -0.2000
76 1985.292 -0.2478
77 1985.375 -0.1983
78 1985.458 -0.2039
79 1985.542 -0.3273
80 1985.625 -0.1902
81 1985.708 -0.2753
82 1985.792 -0.2684
83 1985.875 -0.2919
84 1985.958 -0.2064
85 1986.042 -0.1437
86 1986.125 -0.1061
87 1986.208 -0.1515
88 1986.292 -0.1667
89 1986.375 -0.1824
90 1986.458 -0.2583
91 1986.542 -0.2693
92 1986.625 -0.2822
93 1986.708 -0.3279
94 1986.792 -0.2657
95 1986.875 -0.3472
96 1986.958 -0.3500
97 1987.042 -0.2075
98 1987.125 -0.0550
99 1987.208 -0.3371
100 1987.292 -0.2738
101 1987.375 -0.2395
102 1987.458 -0.2554
103 1987.542 -0.1516
104 1987.625 -0.2727
105 1987.708 -0.2024
106 1987.792 -0.2651
107 1987.875 -0.3002
108 1987.958 -0.1181
109 1988.042 -0.0352
110 1988.125 -0.1452
111 1988.208 -0.0995
112 1988.292 -0.1194
113 1988.375 -0.1116
114 1988.458 -0.0958
115 1988.542 -0.1501
116 1988.625 -0.1201
117 1988.708 -0.0626
118 1988.792 -0.0510
119 1988.875 -0.2089
120 1988.958 -0.0431
121 1989.042 -0.2428
122 1989.125 -0.0722
123 1989.208 -0.0882
124 1989.292 -0.1438
125 1989.375 -0.1776
126 1989.458 -0.1922
127 1989.542 -0.1045
128 1989.625 -0.1628
129 1989.708 -0.1324
130 1989.792 -0.1578
131 1989.875 -0.2654
132 1989.958 -0.0990
133 1990.042 -0.1142
134 1990.125 -0.1000
135 1990.208  0.1958
136 1990.292  0.0221
137 1990.375 -0.0943
138 1990.458 -0.1695
139 1990.542 -0.1144
140 1990.625 -0.1918
141 1990.708 -0.2369
142 1990.792 -0.0809
143 1990.875 -0.0480
144 1990.958 -0.1239
145 1991.042 -0.1004
146 1991.125 -0.0717
147 1991.208 -0.1797
148 1991.292 -0.0186
149 1991.375 -0.1058
150 1991.458 -0.0348
151 1991.542 -0.0364
152 1991.625 -0.1530
153 1991.708 -0.1716
154 1991.792 -0.2800
155 1991.875 -0.2566
156 1991.958 -0.2309
157 1992.042 -0.0386
158 1992.125 -0.0538
159 1992.208 -0.0075
160 1992.292 -0.1606
161 1992.375 -0.0476
162 1992.458 -0.1060
163 1992.542 -0.2401
164 1992.625 -0.2235
165 1992.708 -0.2970
166 1992.792 -0.1867
167 1992.875 -0.1868
168 1992.958 -0.0470
169 1993.042  0.1006
170 1993.125  0.0735
171 1993.208  0.0578
172 1993.292 -0.0677
173 1993.375 -0.0614
174 1993.458 -0.1056
175 1993.542 -0.1747
176 1993.625 -0.3089
177 1993.708 -0.3051
178 1993.792 -0.2026
179 1993.875 -0.3322
180 1993.958 -0.2172
181 1994.042 -0.1741
182 1994.125 -0.3854
183 1994.208 -0.1225
184 1994.292 -0.0425
185 1994.375 -0.0379
186 1994.458  0.0281
187 1994.542 -0.1132
188 1994.625 -0.1680
189 1994.708 -0.1378
190 1994.792 -0.0376
191 1994.875 -0.0197
192 1994.958 -0.1320
193 1995.042 -0.0106
194 1995.125  0.1983
195 1995.208 -0.0763
196 1995.292 -0.0717
197 1995.375 -0.1728
198 1995.458 -0.0313
199 1995.542  0.0261
200 1995.625  0.0209
201 1995.708 -0.0923
202 1995.792  0.0304
203 1995.875  0.0502
204 1995.958 -0.1013
205 1996.042 -0.1254
206 1996.125  0.0849
207 1996.208 -0.0466
208 1996.292 -0.0634
209 1996.375 -0.0378
210 1996.458 -0.1089
211 1996.542 -0.0141
212 1996.625 -0.0172
213 1996.708 -0.1534
214 1996.792 -0.1764
215 1996.875 -0.0473
216 1996.958  0.0082
217 1997.042 -0.0660
218 1997.125 -0.0163
219 1997.208  0.0892
220 1997.292  0.0313
221 1997.375  0.0288
222 1997.458  0.1543
223 1997.542 -0.0306
224 1997.625 -0.0161
225 1997.708 -0.0493
226 1997.792 -0.0200
227 1997.875 -0.0603
228 1997.958 -0.0708
229 1998.042 -0.0502
230 1998.125  0.1993
231 1998.208  0.0152
232 1998.292  0.0730
233 1998.375  0.0217
234 1998.458  0.0588
235 1998.542  0.0814
236 1998.625  0.0652
237 1998.708 -0.0801
238 1998.792 -0.0104
239 1998.875  0.0132
240 1998.958  0.1839
241 1999.042  0.0767
242 1999.125  0.2774
243 1999.208 -0.0387
244 1999.292  0.0286
245 1999.375 -0.0106
246 1999.458  0.0306
247 1999.542 -0.0083
248 1999.625 -0.1007
249 1999.708 -0.0538
250 1999.792 -0.0536
251 1999.875 -0.0274
252 1999.958  0.0777
253 2000.042 -0.1163
254 2000.125  0.1708
255 2000.208  0.1552
256 2000.292  0.2036
257 2000.375 -0.0001
258 2000.458  0.0185
259 2000.542 -0.0431
260 2000.625 -0.0531
261 2000.708 -0.0752
262 2000.792 -0.1715
263 2000.875 -0.1631
264 2000.958 -0.1487
265 2001.042  0.0024
266 2001.125  0.0114
267 2001.208  0.1689
268 2001.292  0.1217
269 2001.375  0.1413
270 2001.458  0.1034
271 2001.542  0.1167
272 2001.625  0.0550
273 2001.708  0.0763
274 2001.792  0.0184
275 2001.875  0.1945
276 2001.958  0.0756
277 2002.042  0.2723
278 2002.125  0.2662
279 2002.208  0.3502
280 2002.292  0.0964
281 2002.375  0.1346
282 2002.458  0.1005
283 2002.542  0.1116
284 2002.625  0.0151
285 2002.708  0.0236
286 2002.792 -0.0030
287 2002.875  0.0079
288 2002.958 -0.0989
289 2003.042  0.1596
290 2003.125 -0.0064
291 2003.208  0.0044
292 2003.292  0.0066
293 2003.375  0.0677
294 2003.458  0.0064
295 2003.542  0.0781
296 2003.625  0.1882
297 2003.708  0.1892
298 2003.792  0.2611
299 2003.875  0.0897
300 2003.958  0.2356
301 2004.042  0.1101
302 2004.125  0.2165
303 2004.208  0.1694
304 2004.292  0.1295
305 2004.375 -0.0454
306 2004.458  0.0004
307 2004.542 -0.0897
308 2004.625  0.0113
309 2004.708  0.0570
310 2004.792  0.1208
311 2004.875  0.2358
312 2004.958 -0.0025
313 2005.042  0.1883
314 2005.125  0.0421
315 2005.208  0.2078
316 2005.292  0.2525
317 2005.375  0.1449
318 2005.458  0.1429
319 2005.542  0.1528
320 2005.625  0.1301
321 2005.708  0.2325
322 2005.792  0.2646
323 2005.875  0.2720
324 2005.958  0.1930
325 2006.042  0.1074
326 2006.125  0.2697
327 2006.208  0.2173
328 2006.292  0.1407
329 2006.375  0.1354
330 2006.458  0.2459
331 2006.542  0.1826
332 2006.625  0.2425
333 2006.708  0.1510
334 2006.792  0.1987
335 2006.875  0.1931
336 2006.958  0.2865
337 2007.042  0.4202
338 2007.125  0.1544
339 2007.208  0.1487
340 2007.292  0.2334
341 2007.375  0.1634
342 2007.458  0.1442
343 2007.542  0.1694
344 2007.625  0.1360
345 2007.708  0.1762
346 2007.792  0.1943
347 2007.875  0.1738
348 2007.958  0.1641
349 2008.042 -0.0604
350 2008.125  0.0188
351 2008.208  0.3824
352 2008.292  0.1568
353 2008.375  0.1836
354 2008.458  0.1944
355 2008.542  0.2494
356 2008.625  0.1212
357 2008.708  0.1467
358 2008.792  0.2313
359 2008.875  0.2696
360 2008.958  0.1681
361 2009.042  0.2473
362 2009.125  0.1622
363 2009.208  0.1568
364 2009.292  0.2582
365 2009.375  0.2521
366 2009.458  0.3269
367 2009.542  0.2935
368 2009.625  0.2428
369 2009.708  0.2319
370 2009.792  0.1517
371 2009.875  0.2101
372 2009.958  0.1787
373 2010.042  0.2266
374 2010.125  0.2468
375 2010.208  0.3549
376 2010.292  0.3345
377 2010.375  0.1995
378 2010.458  0.1526
379 2010.542  0.1771
380 2010.625  0.1711
381 2010.708  0.1886
382 2010.792  0.3275
383 2010.875  0.4766
384 2010.958  0.2181
385 2011.042  0.2101
386 2011.125  0.1691
387 2011.208  0.2910
388 2011.292  0.3385
389 2011.375  0.2096
390 2011.458  0.3043
391 2011.542  0.3558
392 2011.625  0.2551
393 2011.708  0.1442
394 2011.792  0.1974
395 2011.875  0.1122
396 2011.958  0.1509
397 2012.042  0.0431
398 2012.125  0.0718
399 2012.208  0.1359
400 2012.292  0.3457
401 2012.375  0.3361
402 2012.458  0.2617
403 2012.542  0.1431
404 2012.625  0.1381
405 2012.708  0.1769
406 2012.792  0.1905
407 2012.875  0.2322
408 2012.958  0.0051
409 2013.042  0.1670
410 2013.125  0.1263
411 2013.208  0.1401
412 2013.292  0.1139
413 2013.375  0.1953
414 2013.458  0.2116
415 2013.542  0.1543
416 2013.625  0.1979
417 2013.708  0.2863
418 2013.792  0.2394
419 2013.875  0.4041
420 2013.958  0.2179
421 2014.042  0.2184
422 2014.125  0.0150
423 2014.208  0.2855
424 2014.292  0.3293
425 2014.375  0.3475
426 2014.458  0.2482
427 2014.542  0.1525
428 2014.625  0.2572
429 2014.708  0.2630
430 2014.792  0.2562
431 2014.875  0.1171
432 2014.958  0.2887
433 2015.042  0.3107
434 2015.125  0.3066
435 2015.208  0.3586
436 2015.292  0.2879
437 2015.375  0.3252
438 2015.458  0.3360
439 2015.542  0.2563
440 2015.625  0.2656
441 2015.708  0.2738
442 2015.792  0.4255
443 2015.875  0.3651
444 2015.958  0.4798
445 2016.042  0.4795
446 2016.125  0.6270
447 2016.208  0.6371
448 2016.292  0.4537
449 2016.375  0.2726
450 2016.458  0.2550
451 2016.542  0.2360
452 2016.625  0.3845
453 2016.708  0.3559
454 2016.792  0.3522
455 2016.875  0.3629
456 2016.958  0.3885
457 2017.042  0.5231
458 2017.125  0.6091
459 2017.208  0.6346
460 2017.292  0.4680
461 2017.375  0.4166
462 2017.458  0.3089
463 2017.542  0.3044
464 2017.625  0.2803
465 2017.708  0.2026
466 2017.792  0.2979
467 2017.875  0.3370
468 2017.958  0.4179
