Likely range and median CO2 forcing in cleaned-up well-below-2-degree scenarios
    2000   7.884   7.884   7.884
    2001   8.028   8.028   8.028
    2002   8.181   8.181   8.181
    2003   8.512   8.512   8.512
    2004   8.915   8.915   8.915
    2005   9.167   9.167   9.167
    2006   9.327   9.327   9.327
    2007   9.487   9.487   9.487
    2008   9.648   9.648   9.648
    2009   9.809   9.809   9.809
    2010   9.969   9.969   9.969
    2011   9.992  10.064  10.186
    2012  10.014  10.158  10.402
    2013  10.036  10.253  10.618
    2014  10.058  10.347  10.835
    2015  10.080  10.441  11.051
    2016  10.103  10.536  10.970
    2017  10.125  10.595  11.137
    2018  10.146  10.635  11.296
    2019  10.061  10.713  11.444
    2020  10.098  10.744  11.540
    2021   9.627  10.451  11.175
    2022   9.112  10.145  10.976
    2023   8.514   9.714  10.970
    2024   7.933   9.324  10.794
    2025   7.453   9.047  10.649
    2026   7.011   8.751  10.549
    2027   6.528   8.418  10.423
    2028   6.049   8.065  10.316
    2029   5.508   7.559  10.315
    2030   4.976   7.234  10.243
    2031   4.782   6.944   9.522
    2032   4.505   6.658   8.783
    2033   4.112   6.440   8.374
    2034   3.756   6.051   7.851
    2035   3.459   5.722   7.430
    2036   3.139   5.440   6.918
    2037   2.907   5.186   6.445
    2038   2.595   4.973   6.144
    2039   2.226   4.642   5.623
    2040   1.967   4.310   5.352
    2041   1.745   4.067   5.115
    2042   1.480   3.761   4.856
    2043   1.209   3.429   4.709
    2044   0.990   3.108   4.533
    2045   0.807   2.750   4.367
    2046   0.642   2.570   4.176
    2047   0.469   2.286   4.031
    2048   0.290   1.985   3.865
    2049   0.119   1.794   3.696
    2050  -0.077   1.631   3.486
    2051  -0.192   1.526   3.317
    2052  -0.353   1.379   3.176
    2053  -0.547   1.295   3.010
    2054  -0.716   1.105   2.809
    2055  -0.907   0.971   2.640
    2056  -1.017   0.787   2.497
    2057  -1.170   0.675   2.357
    2058  -1.328   0.547   2.218
    2059  -1.485   0.324   2.079
    2060  -1.667   0.118   1.940
    2061  -1.761  -0.000   1.828
    2062  -1.880  -0.106   1.716
    2063  -1.988  -0.184   1.604
    2064  -2.041  -0.342   1.492
    2065  -2.161  -0.457   1.380
    2066  -2.232  -0.572   1.268
    2067  -2.302  -0.682   1.156
    2068  -2.360  -0.740   1.044
    2069  -2.362  -0.848   0.932
    2070  -2.419  -0.915   0.833
    2071  -2.474  -0.965   0.784
    2072  -2.529  -1.020   0.732
    2073  -2.573  -1.074   0.649
    2074  -2.616  -1.134   0.515
    2075  -2.678  -1.205   0.400
    2076  -2.701  -1.303   0.317
    2077  -2.747  -1.399   0.233
    2078  -2.858  -1.464   0.248
    2079  -2.913  -1.501   0.255
    2080  -3.030  -1.548   0.183
    2081  -3.108  -1.601   0.173
    2082  -3.127  -1.635   0.184
    2083  -3.179  -1.645   0.128
    2084  -3.196  -1.744   0.052
    2085  -3.212  -1.805  -0.023
    2086  -3.243  -1.841  -0.098
    2087  -3.289  -1.873  -0.099
    2088  -3.358  -1.907  -0.130
    2089  -3.434  -1.940  -0.159
    2090  -3.482  -1.977  -0.260
    2091  -3.501  -1.987  -0.259
    2092  -3.522  -2.010  -0.242
    2093  -3.599  -2.032  -0.335
    2094  -3.658  -2.064  -0.349
    2095  -3.694  -2.079  -0.425
    2096  -3.713  -2.104  -0.485
    2097  -3.732  -2.122  -0.506
    2098  -3.751  -2.143  -0.528
    2099  -3.808  -2.149  -0.549
    2100  -3.848  -2.181  -0.571
